================================================================================
  MODEL REPORT: 1. Logistic Regression (Linear Baseline)
================================================================================

── PERFORMANCE METRICS ────────────────────────────────────────────────────
  Train Accuracy          : 0.827991  (82.7991%)
  Test  Accuracy          : 0.827860  (82.7860%)
  Train F1 (weighted)     : 0.807014
  Test  F1 (weighted)     : 0.806986
  Test  F1 (macro)        : 0.536553
  CV    F1 (weighted, 3k) : 0.759949
  Overfitting Gap         : 0.000132
  Training Time           : 415.053s
  Inference Time          : 0.055s
  Overfitting Verdict     : ✓ EXCELLENT generalization (gap < 2%)

── CONFUSION MATRIX ───────────────────────────────────────────────────────
  (rows = True class, columns = Predicted class)
  Only classes present in the test set are shown.

             0     1     2     3     4     5     6     7     8     9    10    11    12    13    14    15    16    17    18    19    20    21    22    23    24    25    26    27    28    29    30    31    32    33    34    35
  ------------------------------------------------------------------------------------------------------------------------------------------------------------------------------------------------------------------------------
     0 |    976  1256     0     0     0     0     0     0     0     0     0     0     0     0     0     0     0     0     0     0     0     0     0     0     0     0     0     0     0     0     0     0     0     0     0     0
     1 |    752  3200     0     0     0     0     0     0     0     0     0     0     0     0     0     0     0     0     0     0     0     0     0     0     0     0     0     0     0     0     0     0     0     0     0     0
     2 |      0     0     0     3     0     0     0     0     0     0     0     0     0     0     0     0     0     0     2     0     0     0     0     0     4     0     1     0     4     0     0     0     0     0     0     0
     3 |      0     0     0  4169     0     0    39     5     1     0     3     0     0     1     4     7     2     6    87     0     4     7     3    27    22     3    10     3    21     1     0     1     0     0     8     0
     4 |      0     0     0    12     0     0     0     0     0     0     0     0     0     0     0     0     0     0     4     0     0     0     0     1     1     0     0     1     2     0     0     0     0     0     2     0
     5 |      0     0     0     9     0     5     0     0     0     0     0     0     0     1     0     1     0     0     3     0     0     0     0     0     0     0     0     0     1     1     0     0     0     0     0     0
     6 |      0     0     0    22     0     0  1120     0     0     0     1     8     0     0     0     0     0     0     1     0     0     1     0     0     0     0     0     0     1     0     0     0     0     0     0     0
     7 |      0     0     0     5     0     0     1    76     0     0     0     0     9     0     1     0     0     0     0     0    20     3     0     0     0     0     0     0     0     0     0     0     0     0     0     0
     8 |      0     0     0    26     0     0     0     0 29015     0     0     0     0     1     0     0     0     1     1     0     1     0     0     0     6     0     0     1     0     1     0     0     0     0     0     0
     9 |      0     0     0    19     0     0    13     0     0  1783     0     0     0     0     1     0     1     0     1     0     1     0     0     0     1     0     0     1     0     0     0     0     0     0     0     0
    10 |      0     0     0    12     0     0     0     0     0     0 16351   124     0     0     0     0     0     0     0     0     0     1    11     0     0     0     0     0     3     0     0     0     0     0     0     0
    11 |      0     0     0    10     0     0     2     0     0     0     0 16276     0     0     0     0     0     0     1     0     0     1     0     0     0     0     0     1     1     0     0     0     0     0     0     0
    12 |      0     0     0    16     0     0     2     0     0     0     6     1 15729     0   263     1     0     0     0     0     1   380     1     0     0     0     0     0     2     0     0     2     0     0     0     0
    13 |      0     0     0    48     0     0     0    11     0     0     1     0     0    16     0     1     1     0     0     0     5     9     4     0     0     0     0     0     0     0     0     0     0     0     0     0
    14 |      0     0     0    12     0     0     0     0     0     0     0     0  4289     0 10108     0     0     0     0     0     0    70     0     0     1     0     0     1     0     0     0     0     0     0     0     0
    15 |      0     0     0    24     0     0     0     0     0     0     0     0     0     0     0 17898     0     0     0     0     0     2   223     0     0     0     0     0     0     0     0     0     0     0     0     0
    16 |      0     0     0    28     0     0     0     0     0     1     0     0     0     0     0     0 21229     0     3     0     0     1     0   592     0     0     2     1     0     0     0     1     0     0     0     0
    17 |      0     0     0    10     0     0     0     0     0     0     0     0     0     0     0     0     0  1156     0     0     0     0     0     0     1     0     0     0     0     0     0     0     0     0     0     0
    18 |      0     0     0   325     0     0     5     0     3     0     1     3     0     3     1     3    21    14   121     0     1     7     8    27   109     1     3    10    49    10     0     1     0     0     2     0
    19 |      0     0     0    34     0     0     0     0     0     0     0     0     0     1     0     0     0     0     4     8     0     0     0     0     0     0     0     0     0     5     0     0     0     0     0     0
    20 |      0     0     0     9     0     0     1    15     0     0     0     1    10     0     1     0     0     0     3     0   213    25     0     0     0     0     0     0     2     0     0    11     0     0     0     0
    21 |      0     0     0    33     0     0     0     5     0     0    10     9  3924     1  2501     3     0     0     3     0     6  1632     5     0    11     0     0     1     3     1     0     6     0     0     1     0
    22 |      0     0     0    20     0     0     3     3     0     0     5     5    19     0     1  5831     0     0     2     0     3     1  4877     0     2     0     0     1     1     0     0     0     0     0     0     0
    23 |      0     0     0    37     0     0     0     0     1     4     0     0     0     0     0     0  8980     1     1     0     0     0     0  4352     2     0     0     1     1     0     0     0     0     0     0     0
    24 |      0     0     0   442     0     0    11     1     2     0     4     0     1     2     1     5     2    28    61     0     3     3     8    19   597     2     4    28    13     7     0     1     0     0     1     0
    25 |      0     0     0    10     0     0     0     0     0     0     0     0     0     0     0     0     0     0     1     0     0     1     0     2     2  3625   342     0     0     0     0     0     0     0     0     0
    26 |      0     0     0    26     0     0     0     0     0     0     0     0     0     0     0     0     0     1     6     0     0     0     0     1     2   457  2554     0     0     0     0     0     0     0     0     0
    27 |      0     0     0    15     0     0     1     0     0     0     0     0     0     0     1     0     0     0     1     0     0     3     0     0     4     0     0  3567     0     0     0     0     0     0     0     0
    28 |      0     0     0   166     0     0     8     0     0     0     0     2     5     0     1     1     1     1    16     0     1    12     1     4     8     1     2     0   300     5     0     5     0     0     1     0
    29 |      0     0     0   248     0     0     2     0     0     0     0     1    18     3    10     2     4     3    19     0     8     6     1     1     1     0     0     1    43    11     0    12     0     0     2     0
    30 |      0     0     0     6     0     0     0     0     0     0     0     0     0     0     0     0     0     0     0     0     0     0     0     0     0     0     0     0     0     1     0     1     0     0     0     0
    31 |      0     0     0   140     0     0     2     3     0     0     0     0    38     5    11     1     2     1    22     0     4    14     2     0     3     0     2     0    48    11     1    17     0     0     5     0
    32 |      0     0     0     8     0     0     0     2     0     0     0     0     0     0     0     0     0     0     3     0     0     0     0     1     1     0     2     0     1     2     0     1     0     0     0     0
    33 |      0     0     0     5     0     0     0     0     0     0     0     0     0     0     0     0     0     0     0     0     0     0     0     0     0     0     0     0     0     0     0     0     0     0     0     0
    34 |      0     0     0    85     0     0     0     0     0     0     0     0     0     0     0     0     0     0    17     0     0     0     1     0     1     0     0     0    10    10     0     3     0     0    22     0
    35 |      0     0     0     9     0     0     0     0     0     0     0     0     0     0     0     0     0     0     2     0     0     0     0     0     0     0     0     0     2     0     0     2     0     0     0     0

  Per-class correct predictions (diagonal):
    Class   0:      976 /    2,232  ( 43.73%)
    Class   1:    3,200 /    3,952  ( 80.97%)
    Class   2:        0 /       14  (  0.00%)
    Class   3:    4,169 /    4,434  ( 94.02%)
    Class   4:        0 /       23  (  0.00%)
    Class   5:        5 /       21  ( 23.81%)
    Class   6:    1,120 /    1,154  ( 97.05%)
    Class   7:       76 /      115  ( 66.09%)
    Class   8:   29,015 /   29,053  ( 99.87%)
    Class   9:    1,783 /    1,821  ( 97.91%)
    Class  10:   16,351 /   16,502  ( 99.08%)
    Class  11:   16,276 /   16,292  ( 99.90%)
    Class  12:   15,729 /   16,404  ( 95.89%)
    Class  13:       16 /       96  ( 16.67%)
    Class  14:   10,108 /   14,481  ( 69.80%)
    Class  15:   17,898 /   18,147  ( 98.63%)
    Class  16:   21,229 /   21,858  ( 97.12%)
    Class  17:    1,156 /    1,167  ( 99.06%)
    Class  18:      121 /      728  ( 16.62%)
    Class  19:        8 /       52  ( 15.38%)
    Class  20:      213 /      291  ( 73.20%)
    Class  21:    1,632 /    8,155  ( 20.01%)
    Class  22:    4,877 /   10,774  ( 45.27%)
    Class  23:    4,352 /   13,380  ( 32.53%)
    Class  24:      597 /    1,246  ( 47.91%)
    Class  25:    3,625 /    3,983  ( 91.01%)
    Class  26:    2,554 /    3,047  ( 83.82%)
    Class  27:    3,567 /    3,592  ( 99.30%)
    Class  28:      300 /      541  ( 55.45%)
    Class  29:       11 /      396  (  2.78%)
    Class  30:        0 /        8  (  0.00%)
    Class  31:       17 /      332  (  5.12%)
    Class  32:        0 /       21  (  0.00%)
    Class  33:        0 /        5  (  0.00%)
    Class  34:       22 /      149  ( 14.77%)
    Class  35:        0 /       15  (  0.00%)

── CLASSIFICATION REPORT ──────────────────────────────────────────────────
              precision    recall  f1-score   support

           0       0.56      0.44      0.49      2232
           1       0.72      0.81      0.76      3952
           2       0.00      0.00      0.00        14
           3       0.69      0.94      0.80      4434
           4       0.00      0.00      0.00        23
           5       1.00      0.24      0.38        21
           6       0.93      0.97      0.95      1154
           7       0.63      0.66      0.64       115
           8       1.00      1.00      1.00     29053
           9       1.00      0.98      0.99      1821
          10       1.00      0.99      0.99     16502
          11       0.99      1.00      0.99     16292
          12       0.65      0.96      0.78     16404
          13       0.47      0.17      0.25        96
          14       0.78      0.70      0.74     14481
          15       0.75      0.99      0.85     18147
          16       0.70      0.97      0.81     21858
          17       0.95      0.99      0.97      1167
          18       0.31      0.17      0.22       728
          19       1.00      0.15      0.27        52
          20       0.79      0.73      0.76       291
          21       0.75      0.20      0.32      8155
          22       0.95      0.45      0.61     10774
          23       0.87      0.33      0.47     13380
          24       0.77      0.48      0.59      1246
          25       0.89      0.91      0.90      3983
          26       0.87      0.84      0.86      3047
          27       0.99      0.99      0.99      3592
          28       0.59      0.55      0.57       541
          29       0.17      0.03      0.05       396
          30       0.00      0.00      0.00         8
          31       0.27      0.05      0.09       332
          32       0.00      0.00      0.00        21
          33       0.00      0.00      0.00         5
          34       0.50      0.15      0.23       149
          35       0.00      0.00      0.00        15

    accuracy                           0.83    194481
   macro avg       0.63      0.52      0.54    194481
weighted avg       0.84      0.83      0.81    194481

