================================================================================
  MODEL REPORT: 2. Naive Bayes (Probabilistic Baseline)
================================================================================

── PERFORMANCE METRICS ────────────────────────────────────────────────────
  Train Accuracy          : 0.704675  (70.4675%)
  Test  Accuracy          : 0.705015  (70.5015%)
  Train F1 (weighted)     : 0.650076
  Test  F1 (weighted)     : 0.650448
  Test  F1 (macro)        : 0.425417
  CV    F1 (weighted, 3k) : 0.693807
  Overfitting Gap         : -0.000340
  Training Time           : 0.545s
  Inference Time          : 1.423s
  Overfitting Verdict     : ✓ EXCELLENT generalization (gap < 2%)

── CONFUSION MATRIX ───────────────────────────────────────────────────────
  (rows = True class, columns = Predicted class)
  Only classes present in the test set are shown.

             0     1     2     3     4     5     6     7     8     9    10    11    12    13    14    15    16    17    18    19    20    21    22    23    24    25    26    27    28    29    30    31    32    33    34    35
  ------------------------------------------------------------------------------------------------------------------------------------------------------------------------------------------------------------------------------
     0 |    996  1236     0     0     0     0     0     0     0     0     0     0     0     0     0     0     0     0     0     0     0     0     0     0     0     0     0     0     0     0     0     0     0     0     0     0
     1 |    893  3059     0     0     0     0     0     0     0     0     0     0     0     0     0     0     0     0     0     0     0     0     0     0     0     0     0     0     0     0     0     0     0     0     0     0
     2 |      0     0     6     0     0     0     0     0     0     0     0     0     0     0     0     0     0     0     0     0     0     0     0     0     0     0     0     0     0     0     0     0     0     8     0     0
     3 |      0     0   904   346   310  1733     0     0     0     0     0     0     0     0     0     0     0     0     3     0     0     0     0     0    86     0     0     0     3     2     4     1    78   892     0    72
     4 |      0     0     8     0     1     3     0     0     0     0     0     0     0     0     0     0     0     0     0     0     0     0     0     0     0     0     0     0     0     0     0     0     0     9     0     2
     5 |      0     0     3     0     0     8     0     0     0     0     0     0     0     0     0     0     0     0     0     0     0     0     0     0     0     0     0     0     0     0     0     0     0     9     0     1
     6 |      0     0    10     0     0     1  1078     1     0     0     0     0     0     0     0     0     0     0     0     0    44     0     0     0     0     0     0     0     0     0     0     0     0    20     0     0
     7 |      0     0     3     0     0     0     2    70     0     0     0     0     0     0     2     0     0     0     0     0    19     7     0     0     0     0     0     0     0     0     0     0     0    12     0     0
     8 |      0     0    10     0     0     4     0     0 29000    13     0     0     0     0     0     0     0     0     0     1     1     0     0     3     2     0     0     0     0     0     1     0     0    14     2     2
     9 |      0     0    13     0     0     3     8     0     0  1783     0     0     0     0     0     0     0     1     0     0     2     0     0     0     0     0     0     0     0     0     0     0     0     8     2     1
    10 |      0     0    25     0     0     0     0     0     0     0 16125   278     0     0     0     0     0     0     0     0     4     0    10     0     0     0     0     0     3     0     0     1     0    56     0     0
    11 |      0     0     6     1     0     3     2    22     0     0     0 16192     0     0     0     0     0     0     0     0    48     0     0     0     0     0     0     0     2     1     0    12     0     1     2     0
    12 |      0     0     5     0     0     1     0     8     0     0     0     1     2     0 15447     0     0     0     0     0   178   741     0     0     0     0     0     0     1     0     0     7     0    13     0     0
    13 |      0     0     3     0     0     2     0     1     0     0     0     0     0    60     0     0     0     0     0     0     3     1     0     0     0     0     0     0     0     0     0     0     0    26     0     0
    14 |      0     0     4     0     0     2     0     0     0     0     0     0     0     0 14363     0     0     1     0     0     5    95     0     0     0     0     0     0     0     0     0     4     0     7     0     0
    15 |      0     0    13     0     1     2     0     3     0     0     0     0     0     0     0 17444     0     0     0     0     0     1   625     0     0     0     0     0     0     0     0     0     0    58     0     0
    16 |      0     0    21     0     1     4     0     0     0     2     0     0     0     0     0     0 21586     0     0     0     0     0     0   221     0     0     0     0     0     0     0     0     0    20     1     2
    17 |      0     0     9     0     0     2     0     0     0     0     0     0     0     1     0     0     0  1147     0     0     0     0     0     0     0     0     0     0     0     0     0     0     0     6     0     2
    18 |      0     0   117    38    28   219     0     0     0     0     0     0     0     0     0     0     0     0     1     1     0     0     0     0    12     0     0     0     3     3     8     0     1   286     0    11
    19 |      0     0    12     1     1     3     0     0     0     0     0     0     0     0     0     0     0     0     0     8     0     0     0     0     0     0     0     0     0     2     0     0     2    21     0     2
    20 |      0     0     5     0     0     6     3    13     0     0     0     0     0     0     3     0     0     0     0     0   230    16     0     0     0     0     0     0     0     0     0     0     0    15     0     0
    21 |      0     0    17     1     0    10     1     7     0     0     0     3     1     0  6768     0     0     1     0     0   206  1098     0     0     0     0     0     0     3     0     0     4     0    32     2     1
    22 |      0     0    17     0     0    22     2     0     0     0     0     0     0     0     0  9554     0     0     0     0    40    16  1032     0     0     0     0     0     0     0     0     0     0    86     4     1
    23 |      0     0    58     0     0     6     0     0     0     5     0     0     0     0     0     0  9804     1     0     0     1     0     0  3431     0     1     0     0     0     0     0     0     0    65     4     4
    24 |      0     0   148    57   102   396     0     0     0     0     0     0     0     0     0     0     0     0     0     0     0     0     0     0   267     0     0     0     1     2     3     0     4   254     0    12
    25 |      0     0     5     0     0    10     0     0     0     0     0     0     0     0     0     0     0     0     0     0     1     0     0     2     0  3942     3     0     0     0     8     0     0    10     1     1
    26 |      0     0    21     1     1    14     0     0     0     0     0     0     0     0     0     0     0     1     0     0     0     0     0     0     0  2969     5     0     0     0     5     0     0    22     2     6
    27 |      0     0    14     0     0    31     0     0     0     0     0     0     0     0     0     0     0     0     0     0     0     0     0     1     0     0     0  3534     0     0     0     0     0     9     0     3
    28 |      0     0    95    30     3     2     0     0     0     0     0     0     0     0     0     0     0     0     1     2     0     0     0     0     1     0     0     0   213     1     5    13    28   140     0     7
    29 |      0     0   111    18    16    46     0     0     0     0     0     0     0     0     0     0     0     0     0     1     0     0     0     0     1     0     0     0    31     1    10    29    10   112     0    10
    30 |      0     0     1     0     0     1     0     0     0     0     0     0     0     0     0     0     0     0     0     0     0     0     0     0     0     0     0     0     0     0     0     0     1     4     0     1
    31 |      0     0    62    14     3    18     0     0     0     0     0     0     0     0     0     0     0     0     0     1     0     0     0     0     0     0     0     0    46     0     3    51     3   126     0     5
    32 |      0     0     1     0     0     0     0     0     0     0     0     0     0     0     0     0     0     0     0     0     0     0     0     0     0     0     0     0     0     0     0     0     0    19     0     1
    33 |      0     0     0     0     0     0     0     0     0     0     0     0     0     0     0     0     0     0     0     0     0     0     0     0     0     0     0     0     0     0     0     0     0     5     0     0
    34 |      0     0    37     0     1     4     0     0     0     0     0     0     0     0     0     0     0     1     0     0     3     1     0     0     0     0     0     0     0     0     0     0     0    74    27     1
    35 |      0     0     2     0     0     1     0     0     0     0     0     0     0     0     0     0     0     0     0     0     0     0     0     0     0     0     0     0     0     0     0     0     0    11     0     1

  Per-class correct predictions (diagonal):
    Class   0:      996 /    2,232  ( 44.62%)
    Class   1:    3,059 /    3,952  ( 77.40%)
    Class   2:        6 /       14  ( 42.86%)
    Class   3:      346 /    4,434  (  7.80%)
    Class   4:        1 /       23  (  4.35%)
    Class   5:        8 /       21  ( 38.10%)
    Class   6:    1,078 /    1,154  ( 93.41%)
    Class   7:       70 /      115  ( 60.87%)
    Class   8:   29,000 /   29,053  ( 99.82%)
    Class   9:    1,783 /    1,821  ( 97.91%)
    Class  10:   16,125 /   16,502  ( 97.72%)
    Class  11:   16,192 /   16,292  ( 99.39%)
    Class  12:        2 /   16,404  (  0.01%)
    Class  13:       60 /       96  ( 62.50%)
    Class  14:   14,363 /   14,481  ( 99.19%)
    Class  15:   17,444 /   18,147  ( 96.13%)
    Class  16:   21,586 /   21,858  ( 98.76%)
    Class  17:    1,147 /    1,167  ( 98.29%)
    Class  18:        1 /      728  (  0.14%)
    Class  19:        8 /       52  ( 15.38%)
    Class  20:      230 /      291  ( 79.04%)
    Class  21:    1,098 /    8,155  ( 13.46%)
    Class  22:    1,032 /   10,774  (  9.58%)
    Class  23:    3,431 /   13,380  ( 25.64%)
    Class  24:      267 /    1,246  ( 21.43%)
    Class  25:    3,942 /    3,983  ( 98.97%)
    Class  26:        5 /    3,047  (  0.16%)
    Class  27:    3,534 /    3,592  ( 98.39%)
    Class  28:      213 /      541  ( 39.37%)
    Class  29:        1 /      396  (  0.25%)
    Class  30:        0 /        8  (  0.00%)
    Class  31:       51 /      332  ( 15.36%)
    Class  32:        0 /       21  (  0.00%)
    Class  33:        5 /        5  (100.00%)
    Class  34:       27 /      149  ( 18.12%)
    Class  35:        1 /       15  (  6.67%)

── CLASSIFICATION REPORT ──────────────────────────────────────────────────
              precision    recall  f1-score   support

           0       0.53      0.45      0.48      2232
           1       0.71      0.77      0.74      3952
           2       0.00      0.43      0.01        14
           3       0.68      0.08      0.14      4434
           4       0.00      0.04      0.00        23
           5       0.00      0.38      0.01        21
           6       0.98      0.93      0.96      1154
           7       0.56      0.61      0.58       115
           8       1.00      1.00      1.00     29053
           9       0.99      0.98      0.98      1821
          10       1.00      0.98      0.99     16502
          11       0.98      0.99      0.99     16292
          12       0.67      0.00      0.00     16404
          13       0.98      0.62      0.76        96
          14       0.39      0.99      0.56     14481
          15       0.65      0.96      0.77     18147
          16       0.69      0.99      0.81     21858
          17       0.99      0.98      0.99      1167
          18       0.20      0.00      0.00       728
          19       0.57      0.15      0.24        52
          20       0.29      0.79      0.43       291
          21       0.56      0.13      0.22      8155
          22       0.62      0.10      0.17     10774
          23       0.94      0.26      0.40     13380
          24       0.72      0.21      0.33      1246
          25       0.57      0.99      0.72      3983
          26       0.62      0.00      0.00      3047
          27       1.00      0.98      0.99      3592
          28       0.70      0.39      0.50       541
          29       0.08      0.00      0.00       396
          30       0.00      0.00      0.00         8
          31       0.42      0.15      0.22       332
          32       0.00      0.00      0.00        21
          33       0.00      1.00      0.00         5
          34       0.57      0.18      0.28       149
          35       0.01      0.07      0.01        15

    accuracy                           0.71    194481
   macro avg       0.55      0.49      0.43    194481
weighted avg       0.77      0.71      0.65    194481

