================================================================================
  MODEL REPORT: 3. Random Forest (Tree Ensemble)
================================================================================

── PERFORMANCE METRICS ────────────────────────────────────────────────────
  Train Accuracy          : 0.843768  (84.3768%)
  Test  Accuracy          : 0.843131  (84.3131%)
  Train F1 (weighted)     : 0.835105
  Test  F1 (weighted)     : 0.834533
  Test  F1 (macro)        : 0.534412
  CV    F1 (weighted, 3k) : 0.847888
  Overfitting Gap         : 0.000637
  Training Time           : 25.524s
  Inference Time          : 1.073s
  Overfitting Verdict     : ✓ EXCELLENT generalization (gap < 2%)

── CONFUSION MATRIX ───────────────────────────────────────────────────────
  (rows = True class, columns = Predicted class)
  Only classes present in the test set are shown.

             0     1     2     3     4     5     6     7     8     9    10    11    12    13    14    15    16    17    18    19    20    21    22    23    24    25    26    27    28    29    30    31    32    33    34    35
  ------------------------------------------------------------------------------------------------------------------------------------------------------------------------------------------------------------------------------
     0 |   2039   193     0     0     0     0     0     0     0     0     0     0     0     0     0     0     0     0     0     0     0     0     0     0     0     0     0     0     0     0     0     0     0     0     0     0
     1 |   1178  2774     0     0     0     0     0     0     0     0     0     0     0     0     0     0     0     0     0     0     0     0     0     0     0     0     0     0     0     0     0     0     0     0     0     0
     2 |      0     0     7     0     1     0     0     0     0     0     0     0     0     1     0     0     0     0     0     1     0     0     0     0     0     0     0     0     0     0     0     0     0     0     0     4
     3 |      0     0   171  2827   108    59    19    46     1     0     4     0     0   128     0     0     9     0     3   137    46     0     1    11   176     0     0    14     1     0    22     0   125     0   400   126
     4 |      0     0     2     7     5     0     0     0     0     0     0     0     0     0     0     0     0     1     0     1     0     0     0     0     2     0     0     2     0     0     0     0     2     0     1     0
     5 |      0     0     1     0     1    12     1     0     0     0     0     0     0     1     0     0     0     0     0     0     2     0     0     1     0     0     0     0     0     0     0     0     1     0     1     0
     6 |      0     0     3     5     2     0  1115    10     0     0     0     2     0     1     0     2     0     4     0     0     2     0     0     0     1     0     0     0     0     0     0     0     0     0     7     0
     7 |      0     0     0     0     0     0     0   101     0     0     1     2     0     0     4     0     0     0     0     0     2     3     0     0     0     0     0     0     1     0     0     0     0     0     1     0
     8 |      0     0     3     4     1     0     0     6 29015     0     0     0     0     6     0     0     0     1     1     0     0     0     0     0     5     0     0     0     0     0     0     0     0     0     8     3
     9 |      0     0     1     8     0     0     3    10     1  1784     0     0     0     2     0     0     0     0     0     0     0     0     0     0     0     0     0     0     0     0     0     0     7     0     4     1
    10 |      0     0     2     1     2     0     0    18     0     0 16406    65     0     2     0     0     0     0     0     0     0     0     0     1     0     0     0     0     0     0     0     0     2     0     3     0
    11 |      0     0     0     9     0     0     1    45     0     0     0 16207     0    16     0     0     1     1     0     0     9     0     0     0     1     0     0     0     1     0     0     0     1     0     0     0
    12 |      0     0     1     4     0     0     0   202     0     0     2    50 14806     1  1262     0     0     0     0     0     4    23     1     0     0     0     0     0    40     0     0     0     3     0     5     0
    13 |      0     0     0    16     2     0     0    20     0     0     0     0     0    49     0     0     0     0     0     0     1     0     0     0     0     0     0     0     0     0     0     0     0     1     7     0
    14 |      0     0     1     2     0     0     1    17     0     0     0     0  3705     1 10735     0     0     1     0     0     1     7     0     0     1     0     0     0     4     0     0     0     1     0     3     1
    15 |      0     0    11     4     2     0    15    29     0     0    10     0     0     6     0 17557     0     1     0     0     1     0   491     0     0     0     0     1     0     0     8     1     0     0    10     0
    16 |      0     0     3     5     1     0     2     3     0     1     0     0     0     7     0     0 21596     1     1     0     0     0     0   201     1     0     0    14     0     0     0     0     9     0     8     5
    17 |      0     0     0     6     1     0    51     2     0     0     0     0     0     0     0     0     0  1101     0     0     0     0     0     0     1     0     0     0     0     0     0     0     2     0     3     0
    18 |      0     0    72   132    47     1     5     9     0     0     6     0     0    48     0     0    19    26    34    28    16     0     0    40    38     0     0    69     3     0    11     0    30     2    61    31
    19 |      0     0     5     8     4     0     0     2     0     0     0     0     0     4     0     0     1     0     0     8     0     0     0     0     0     0     0     0     0     0     0     0     5     0    13     2
    20 |      0     0     0     3     0     0     0     7     0     0     0    14     0     3     1     0     0     0     0     0   256     3     0     0     0     0     0     0     0     0     0     0     0     0     4     0
    21 |      0     0     1     5     2     0     4    13     0     0     0   170  3014     2    26     0     0     1     0     1    53  4813     8     1     7     0     0     0    15     0     0     0     7     0    11     1
    22 |      0     0    15    20     5     0    23    59     0     0    29    25     0     7     0  5607     0     0     0     3    39     0  4896     0     6     0     0     1     5     0    21     2     1     0    10     0
    23 |      0     0    10     9     1     0     6    23     0     0     0     0     0     2     0     4  8705     6     2     0     0     0     0  4517     1     0     0    58     0     0     0     0    13     0    18     5
    24 |      0     0    45   224    30     8    31    17     0     0     6     0     0    24     0     0     6    50    10    24     6     0     1    30   521     0     0    83     1     0     6     0    20     3    70    30
    25 |      0     0     1     1     0     0     1     3     0     0     0     0     0     2     0     0     0     1     1     0     1     0     0     1     4  3917    48     0     0     0     0     0     1     0     0     1
    26 |      0     0     3     5     2     0     1     3     0     0     0     0     0     7     0     0     0     4     2     0     1     0     0     0     2     1  3001     0     0     0     0     0     3     0     9     3
    27 |      0     0     1     2     0     0    15     7     0     0     0     0     0     3     0     0     0     0     0     1     0     0     0     0     1     0     0  3556     0     0     0     0     1     0     5     0
    28 |      0     0    76    23    25     1     0    22     0     1    13     9     0    10     2     0     1     0     0    29     5     6     5     6     2     1     0     6   202     0     4     0     8     0    76     8
    29 |      0     0    13   100     3     2     1    31     0     0     4     9     0    13    14     0     3     0     0    24    12    11     0     0     8     0     0     3    25     0     5     0    20     0    88     7
    30 |      0     0     0     2     0     0     0     1     0     0     0     0     0     1     0     0     0     0     0     0     0     0     0     0     0     0     0     0     0     0     2     0     1     0     1     0
    31 |      0     0    15    33     5     1     0    39     0     0     9    18     0    11    24     0     4     0     1    20     9    21     0     1     3     0     0     4    36     0     2     0    23     0    51     2
    32 |      0     0     0     1     0     0     0     4     0     0     0     0     0     0     0     1     0     0     0     1     0     0     0     1     0     0     0     0     0     0     0     0     4     0     8     1
    33 |      0     0     0     0     0     0     0     1     0     0     0     0     0     0     0     0     0     0     0     0     0     0     0     0     0     0     0     0     0     0     0     0     0     3     1     0
    34 |      0     0     1    17     0     0     1     5     0     0     0     1     0     9     0     0     0     0     0     0     0     0     0     0     3     0     0     0     1     0     0     0     5     0   106     0
    35 |      0     0     1     1     1     0     0     0     0     0     0     0     0     0     0     0     1     0     0     3     0     0     0     2     0     0     0     0     0     0     0     0     0     4     1     1

  Per-class correct predictions (diagonal):
    Class   0:    2,039 /    2,232  ( 91.35%)
    Class   1:    2,774 /    3,952  ( 70.19%)
    Class   2:        7 /       14  ( 50.00%)
    Class   3:    2,827 /    4,434  ( 63.76%)
    Class   4:        5 /       23  ( 21.74%)
    Class   5:       12 /       21  ( 57.14%)
    Class   6:    1,115 /    1,154  ( 96.62%)
    Class   7:      101 /      115  ( 87.83%)
    Class   8:   29,015 /   29,053  ( 99.87%)
    Class   9:    1,784 /    1,821  ( 97.97%)
    Class  10:   16,406 /   16,502  ( 99.42%)
    Class  11:   16,207 /   16,292  ( 99.48%)
    Class  12:   14,806 /   16,404  ( 90.26%)
    Class  13:       49 /       96  ( 51.04%)
    Class  14:   10,735 /   14,481  ( 74.13%)
    Class  15:   17,557 /   18,147  ( 96.75%)
    Class  16:   21,596 /   21,858  ( 98.80%)
    Class  17:    1,101 /    1,167  ( 94.34%)
    Class  18:       34 /      728  (  4.67%)
    Class  19:        8 /       52  ( 15.38%)
    Class  20:      256 /      291  ( 87.97%)
    Class  21:    4,813 /    8,155  ( 59.02%)
    Class  22:    4,896 /   10,774  ( 45.44%)
    Class  23:    4,517 /   13,380  ( 33.76%)
    Class  24:      521 /    1,246  ( 41.81%)
    Class  25:    3,917 /    3,983  ( 98.34%)
    Class  26:    3,001 /    3,047  ( 98.49%)
    Class  27:    3,556 /    3,592  ( 99.00%)
    Class  28:      202 /      541  ( 37.34%)
    Class  29:        0 /      396  (  0.00%)
    Class  30:        2 /        8  ( 25.00%)
    Class  31:        0 /      332  (  0.00%)
    Class  32:        4 /       21  ( 19.05%)
    Class  33:        3 /        5  ( 60.00%)
    Class  34:      106 /      149  ( 71.14%)
    Class  35:        1 /       15  (  6.67%)

── CLASSIFICATION REPORT ──────────────────────────────────────────────────
              precision    recall  f1-score   support

           0       0.63      0.91      0.75      2232
           1       0.93      0.70      0.80      3952
           2       0.02      0.50      0.03        14
           3       0.81      0.64      0.71      4434
           4       0.02      0.22      0.04        23
           5       0.14      0.57      0.23        21
           6       0.86      0.97      0.91      1154
           7       0.13      0.88      0.23       115
           8       1.00      1.00      1.00     29053
           9       1.00      0.98      0.99      1821
          10       0.99      0.99      0.99     16502
          11       0.98      0.99      0.99     16292
          12       0.69      0.90      0.78     16404
          13       0.13      0.51      0.21        96
          14       0.89      0.74      0.81     14481
          15       0.76      0.97      0.85     18147
          16       0.71      0.99      0.83     21858
          17       0.92      0.94      0.93      1167
          18       0.62      0.05      0.09       728
          19       0.03      0.15      0.05        52
          20       0.55      0.88      0.68       291
          21       0.98      0.59      0.74      8155
          22       0.91      0.45      0.61     10774
          23       0.94      0.34      0.50     13380
          24       0.66      0.42      0.51      1246
          25       1.00      0.98      0.99      3983
          26       0.98      0.98      0.98      3047
          27       0.93      0.99      0.96      3592
          28       0.60      0.37      0.46       541
          29       0.00      0.00      0.00       396
          30       0.02      0.25      0.04         8
          31       0.00      0.00      0.00       332
          32       0.01      0.19      0.03        21
          33       0.23      0.60      0.33         5
          34       0.11      0.71      0.19       149
          35       0.00      0.07      0.01        15

    accuracy                           0.84    194481
   macro avg       0.56      0.62      0.53    194481
weighted avg       0.87      0.84      0.83    194481

