================================================================================
  MODEL REPORT: 4. XGBoost (Gradient Boosting)
================================================================================

── PERFORMANCE METRICS ────────────────────────────────────────────────────
  Train Accuracy          : 0.993610  (99.3610%)
  Test  Accuracy          : 0.989243  (98.9243%)
  Train F1 (weighted)     : 0.993415
  Test  F1 (weighted)     : 0.988632
  Test  F1 (macro)        : 0.743597
  CV    F1 (weighted, 3k) : nan
  Overfitting Gap         : 0.004367
  Training Time           : 34.347s
  Inference Time          : 0.460s
  Overfitting Verdict     : ✓ EXCELLENT generalization (gap < 2%)

── CONFUSION MATRIX ───────────────────────────────────────────────────────
  (rows = True class, columns = Predicted class)
  Only classes present in the test set are shown.

             0     1     2     3     4     5     6     7     8     9    10    11    12    13    14    15    16    17    18    19    20    21    22    23    24    25    26    27    28    29    30    31    32    33    34    35
  ------------------------------------------------------------------------------------------------------------------------------------------------------------------------------------------------------------------------------
     0 |   1901   331     0     0     0     0     0     0     0     0     0     0     0     0     0     0     0     0     0     0     0     0     0     0     0     0     0     0     0     0     0     0     0     0     0     0
     1 |    275  3677     0     0     0     0     0     0     0     0     0     0     0     0     0     0     0     0     0     0     0     0     0     0     0     0     0     0     0     0     0     0     0     0     0     0
     2 |      0     0     0     1     0     0     0     0     0     0     0     0     0     0     0     0     0     0     6     0     0     0     0     0     1     0     0     0     5     0     0     0     0     0     0     1
     3 |      0     0     0  4276     0     0     0     0     0     0     0     0     0     0     0     0     0     0    36     0     0     0     0     0    66     0     0     0    14    32     0    10     0     0     0     0
     4 |      0     0     0     6     2     0     0     0     0     0     0     0     0     0     0     0     0     0    12     0     0     0     0     0     0     0     0     0     3     0     0     0     0     0     0     0
     5 |      0     0     0     6     0     5     0     0     0     0     0     0     0     0     0     0     0     0     5     0     0     0     0     0     2     0     0     0     2     0     0     1     0     0     0     0
     6 |      0     0     0     3     0     0  1148     1     0     0     0     1     0     0     0     0     0     0     0     0     0     0     0     0     0     0     0     0     0     0     0     1     0     0     0     0
     7 |      0     0     0     0     0     0     1   107     0     0     0     0     0     3     0     0     0     1     0     0     1     0     0     0     0     0     0     0     0     0     0     1     0     0     1     0
     8 |      0     0     0     0     0     0     0     0 29053     0     0     0     0     0     0     0     0     0     0     0     0     0     0     0     0     0     0     0     0     0     0     0     0     0     0     0
     9 |      0     0     0     0     0     0     0     0     0  1814     1     0     0     0     0     0     0     0     0     0     0     0     0     0     0     0     0     0     0     0     0     0     0     0     6     0
    10 |      0     0     0     0     0     0     0     0     0     0 16502     0     0     0     0     0     0     0     0     0     0     0     0     0     0     0     0     0     0     0     0     0     0     0     0     0
    11 |      0     0     0     1     0     0     1     0     0     0     0 16290     0     0     0     0     0     0     0     0     0     0     0     0     0     0     0     0     0     0     0     0     0     0     0     0
    12 |      0     0     0     2     0     0     0     0     0     0     0     0 16389     0     9     0     0     0     0     0     0     3     0     0     0     0     0     0     1     0     0     0     0     0     0     0
    13 |      0     0     0     0     0     0     0     0     0     0     0     0     0    95     0     0     0     1     0     0     0     0     0     0     0     0     0     0     0     0     0     0     0     0     0     0
    14 |      0     0     0     0     0     0     0     0     0     0     0     0     1     0 14478     0     0     0     0     0     0     2     0     0     0     0     0     0     0     0     0     0     0     0     0     0
    15 |      0     0     0     0     0     0     0     0     0     0     0     0     0     0     0 18145     0     0     0     0     0     0     2     0     0     0     0     0     0     0     0     0     0     0     0     0
    16 |      0     0     0     0     0     0     0     0     1     1     0     0     0     0     0     0 21852     0     0     0     0     0     0     4     0     0     0     0     0     0     0     0     0     0     0     0
    17 |      0     0     0     0     0     0     0     0     0     0     0     0     0     2     0     0     0  1164     0     0     0     0     0     0     1     0     0     0     0     0     0     0     0     0     0     0
    18 |      0     0     0   114     0     1     0     0     0     0     0     0     0     0     0     0     0     0   482     0     0     0     0     0    53     0     0     0    69     3     0     5     0     0     0     1
    19 |      0     0     0    14     0     0     0     0     0     0     0     0     0     0     0     0     0     0     3     9     0     0     0     0    19     0     0     0     3     3     0     1     0     0     0     0
    20 |      0     0     0     0     0     0     0     0     0     0     0     0     0     0     0     0     0     0     0     0   288     0     0     1     2     0     0     0     0     0     0     0     0     0     0     0
    21 |      0     0     0     0     0     0     0     0     0     0     0     0     3     0     7     0     0     0     0     0     3  8142     0     0     0     0     0     0     0     0     0     0     0     0     0     0
    22 |      0     0     0     0     0     0     0     0     0     0     0     0     0     0     0     9     0     0     0     0     0     1 10761     0     0     0     0     1     1     0     0     1     0     0     0     0
    23 |      0     0     0     0     0     0     0     0     0     0     0     0     0     0     0     0     5     0     0     0     0     0     0 13375     0     0     0     0     0     0     0     0     0     0     0     0
    24 |      0     0     0   176     0     0     0     0     0     0     0     0     0     0     0     0     0     1    55     3     0     0     0     0   992     0     0     0    12     4     0     3     0     0     0     0
    25 |      0     0     0     0     0     0     0     0     0     0     0     0     0     0     0     0     0     0     0     0     0     0     0     0     0  3973    10     0     0     0     0     0     0     0     0     0
    26 |      0     0     0     1     0     0     0     0     0     0     0     0     0     0     0     0     0     0     0     0     0     0     0     0     0     5  3041     0     0     0     0     0     0     0     0     0
    27 |      0     0     0     0     0     0     0     0     0     0     0     0     0     0     0     0     0     0     0     0     0     0     0     0     0     2     0  3589     0     0     0     1     0     0     0     0
    28 |      0     0     0    57     0     1     0     0     0     0     0     0     0     0     0     0     0     0    69     0     0     0     0     0     6     0     0     0   392     8     0     8     0     0     0     0
    29 |      0     0     0   235     0     0     0     0     0     0     0     0     0     0     0     0     0     0     5     0     0     0     0     0     6     0     0     0     8   112     0    30     0     0     0     0
    30 |      0     0     0     2     0     0     0     0     0     0     0     0     0     0     0     0     0     0     1     0     0     0     0     0     2     0     0     0     0     3     0     0     0     0     0     0
    31 |      0     0     0    78     0     0     0     0     0     0     0     0     0     0     0     0     0     0     6     0     0     0     0     0     4     0     0     0    10    47     0   186     1     0     0     0
    32 |      0     0     0     8     0     0     0     0     0     0     0     0     0     0     0     0     0     0     1     0     0     0     0     0     1     0     0     0     0     4     0     5     2     0     0     0
    33 |      0     0     0     1     0     0     0     0     0     0     0     0     0     0     0     0     0     0     1     0     0     0     0     0     0     0     0     0     2     0     0     1     0     0     0     0
    34 |      0     0     0     0     0     0     0     0     0     1     0     0     0     0     0     0     0     1     0     0     0     0     0     0     0     0     0     0     0     0     0     0     0     0   147     0
    35 |      0     0     0     1     0     0     0     0     0     0     0     0     0     0     0     0     0     0     7     0     0     0     0     0     3     0     0     0     2     1     0     1     0     0     0     0

  Per-class correct predictions (diagonal):
    Class   0:    1,901 /    2,232  ( 85.17%)
    Class   1:    3,677 /    3,952  ( 93.04%)
    Class   2:        0 /       14  (  0.00%)
    Class   3:    4,276 /    4,434  ( 96.44%)
    Class   4:        2 /       23  (  8.70%)
    Class   5:        5 /       21  ( 23.81%)
    Class   6:    1,148 /    1,154  ( 99.48%)
    Class   7:      107 /      115  ( 93.04%)
    Class   8:   29,053 /   29,053  (100.00%)
    Class   9:    1,814 /    1,821  ( 99.62%)
    Class  10:   16,502 /   16,502  (100.00%)
    Class  11:   16,290 /   16,292  ( 99.99%)
    Class  12:   16,389 /   16,404  ( 99.91%)
    Class  13:       95 /       96  ( 98.96%)
    Class  14:   14,478 /   14,481  ( 99.98%)
    Class  15:   18,145 /   18,147  ( 99.99%)
    Class  16:   21,852 /   21,858  ( 99.97%)
    Class  17:    1,164 /    1,167  ( 99.74%)
    Class  18:      482 /      728  ( 66.21%)
    Class  19:        9 /       52  ( 17.31%)
    Class  20:      288 /      291  ( 98.97%)
    Class  21:    8,142 /    8,155  ( 99.84%)
    Class  22:   10,761 /   10,774  ( 99.88%)
    Class  23:   13,375 /   13,380  ( 99.96%)
    Class  24:      992 /    1,246  ( 79.61%)
    Class  25:    3,973 /    3,983  ( 99.75%)
    Class  26:    3,041 /    3,047  ( 99.80%)
    Class  27:    3,589 /    3,592  ( 99.92%)
    Class  28:      392 /      541  ( 72.46%)
    Class  29:      112 /      396  ( 28.28%)
    Class  30:        0 /        8  (  0.00%)
    Class  31:      186 /      332  ( 56.02%)
    Class  32:        2 /       21  (  9.52%)
    Class  33:        0 /        5  (  0.00%)
    Class  34:      147 /      149  ( 98.66%)
    Class  35:        0 /       15  (  0.00%)

── CLASSIFICATION REPORT ──────────────────────────────────────────────────
              precision    recall  f1-score   support

           0       0.87      0.85      0.86      2232
           1       0.92      0.93      0.92      3952
           2       0.00      0.00      0.00        14
           3       0.86      0.96      0.91      4434
           4       1.00      0.09      0.16        23
           5       0.71      0.24      0.36        21
           6       1.00      0.99      1.00      1154
           7       0.99      0.93      0.96       115
           8       1.00      1.00      1.00     29053
           9       1.00      1.00      1.00      1821
          10       1.00      1.00      1.00     16502
          11       1.00      1.00      1.00     16292
          12       1.00      1.00      1.00     16404
          13       0.95      0.99      0.97        96
          14       1.00      1.00      1.00     14481
          15       1.00      1.00      1.00     18147
          16       1.00      1.00      1.00     21858
          17       1.00      1.00      1.00      1167
          18       0.70      0.66      0.68       728
          19       0.75      0.17      0.28        52
          20       0.99      0.99      0.99       291
          21       1.00      1.00      1.00      8155
          22       1.00      1.00      1.00     10774
          23       1.00      1.00      1.00     13380
          24       0.86      0.80      0.83      1246
          25       1.00      1.00      1.00      3983
          26       1.00      1.00      1.00      3047
          27       1.00      1.00      1.00      3592
          28       0.75      0.72      0.74       541
          29       0.52      0.28      0.37       396
          30       0.00      0.00      0.00         8
          31       0.73      0.56      0.63       332
          32       0.67      0.10      0.17        21
          33       0.00      0.00      0.00         5
          34       0.95      0.99      0.97       149
          35       0.00      0.00      0.00        15

    accuracy                           0.99    194481
   macro avg       0.81      0.73      0.74    194481
weighted avg       0.99      0.99      0.99    194481

