================================================================================
  MODEL REPORT: 5. LightGBM (Fast Gradient Boosting) [CPU fallback]
================================================================================

── PERFORMANCE METRICS ────────────────────────────────────────────────────
  Train Accuracy          : 0.411778  (41.1778%)
  Test  Accuracy          : 0.412133  (41.2133%)
  Train F1 (weighted)     : 0.385720
  Test  F1 (weighted)     : 0.386110
  Test  F1 (macro)        : 0.176302
  CV    F1 (weighted, 3k) : 0.147225
  Overfitting Gap         : -0.000355
  Training Time           : 26.713s
  Inference Time          : 1.436s
  Overfitting Verdict     : ✓ EXCELLENT generalization (gap < 2%)

── CONFUSION MATRIX ───────────────────────────────────────────────────────
  (rows = True class, columns = Predicted class)
  Only classes present in the test set are shown.

             0     1     2     3     4     5     6     7     8     9    10    11    12    13    14    15    16    17    18    19    20    21    22    23    24    25    26    27    28    29    30    31    32    33    34    35
  ------------------------------------------------------------------------------------------------------------------------------------------------------------------------------------------------------------------------------
     0 |      0     0     0     0     0     0     0     0     0     0     0     0     0     0     0  2232     0     0     0     0     0     0     0     0     0     0     0     0     0     0     0     0     0     0     0     0
     1 |      0     0     0     0     0     0     0     0     0     0     0     0     0     0     0  3952     0     0     0     0     0     0     0     0     0     0     0     0     0     0     0     0     0     0     0     0
     2 |      0     0     0     7     0     0     0     0     0     0     0     0     0     0     0     0     0     0     0     0     0     0     1     2     3     0     0     1     0     0     0     0     0     0     0     0
     3 |      0    27     0  2366     0     0     8     0     0     0    81    13     0     0    59     0     0    70    55     0     0     3    13   324   689     3   252   471     0     0     0     0     0     0     0     0
     4 |      0     2     0    11     0     0     0     0     0     0     1     1     0     0     1     0     0     1     0     0     0     0     0     1     2     0     1     2     0     0     0     0     0     0     0     0
     5 |      0     0     0     6     0     0     0     0     0     0     0     0     0     0     0     0     0     1     0     0     0     0     0    11     0     2     1     0     0     0     0     0     0     0     0     0
     6 |      0     0     0     3     0     0   195     0     0     0   758   147     0     0    43     0     0     0     0     0     0     1     0     6     0     0     1     0     0     0     0     0     0     0     0     0
     7 |      0     1     0    41     0     0     5     0     0     0     4    48     0     0    15     0     0     0     0     0     0     0     0     1     0     0     0     0     0     0     0     0     0     0     0     0
     8 |      0    16     0    15     0     0    61     0 18343    69   101    22     0     0    71    28  9616     1   395     0     0     2     1     9     7     0   256    37     0     0     0     3     0     0     0     0
     9 |      0     1     0    12     0     0   162     0     0   857    41    10     0     0    86     0     0     0     0     0     0     0     0    20     0     0   632     0     0     0     0     0     0     0     0     0
    10 |      0  1998     0     3     0     0     9     0     0     0  6235  1475  6534     0   212     2     0     0     0     0     0     0     1     8     0     0    25     0     0     0     0     0     0     0     0     0
    11 |      0   250     0     2     0     0   105     0     0     0    83   763     0     0   261 14773     6     0     0     0     0     0     2     3     0    19    18     7     0     0     0     0     0     0     0     0
    12 |    113     1     0    37     0     0    61     0     0    17  1406    33  5905     0   445  7507     4     0   107     0     1     2   591    83    25     0    22    44     0     0     0     0     0     0     0     0
    13 |      0     0     0    27     0     0    29     0     0     0    13     6     0     0    18     0     0     1     0     0     0     0     0     0     0     0     2     0     0     0     0     0     0     0     0     0
    14 |      0    20     0     3     0     0    12     0     0     0     1    86   641     0 12041  1668     0     0     0     0     0     0     0     2     0     0     7     0     0     0     0     0     0     0     0     0
    15 |     37     0     0    33     0     0     4     0     0     3   737     0   205     0    20 16534     4     0    31     0     0     0   409    76     3     1    17    33     0     0     0     0     0     0     0     0
    16 |      1    31     0     5     0     0     4     1     0     0   111   312     0     0  9810   699 10709     5    18     0     0    78     0     3    14     4    15    28     0     9     0     1     0     0     0     0
    17 |      0   106     0     5     0     0    86     0     0     0     0    17     0     0    58     0     0   882     1     0     0     0     0     1     0     0     1    10     0     0     0     0     0     0     0     0
    18 |      0    39     0   263     0     0    10     0     0     0    25     6     0     0    17     7     1    34     8     0     0     6     9   124    86     5    34    54     0     0     0     0     0     0     0     0
    19 |      0     0     0    24     0     0     0     0     0     0     6     0     0     0     0     0     0     0     0     0     0     0     1     8    11     0     0     2     0     0     0     0     0     0     0     0
    20 |      0     0     0    13     0     0     0     0     0     0    12     0     0     0     2     1     0     0     4     0     0     1     0   252     5     0     0     1     0     0     0     0     0     0     0     0
    21 |      4     0     0    26     0     0     0     0     0     0     0     1     0     0    12  5513     0     1     4     0     0     2     4  2575     3     0     0    10     0     0     0     0     0     0     0     0
    22 |      0     0     0    28     0     0     1     0     0     1     1     0     0     0    20  9145     0     1     4     0     0     1   283  1246     1     0     0    42     0     0     0     0     0     0     0     0
    23 |      0     0     1    36     0     0    19     0   194    18   162     0     0     0   389  3372  5004    20   144     0     2   202    14  3441    54   125    46   123     0    14     0     0     0     0     0     0
    24 |      0    59     0   398     0     0     8     0     0     0    90     2     0     0    20     9     1    64    37     0     0     1     2   170   127    23   134   101     0     0     0     0     0     0     0     0
    25 |      0     0     0    34     0     0     5     0     0     0    15     0     0     0   131  2929     0     0     0     0     0     0     0     4     0   561   303     1     0     0     0     0     0     0     0     0
    26 |      0     0     0    67     0     0    34     0     0     3    49     5     0     0   141  2040     0     0     0     0     0     0     0     7     0   363   315    23     0     0     0     0     0     0     0     0
    27 |      0    14     0    18     0     0     3     0     0     0     3     5     0     0   105  2758     0     0     0     0     0     0     0     0     0     1   100   585     0     0     0     0     0     0     0     0
    28 |      0     9     0   172     0     0     1     0     0     1    88    25     0     0     5     0     0     0     3     0     0     0     4   182    41     0     3     7     0     0     0     0     0     0     0     0
    29 |      0     6     0   156     0     0     0     0     0     0    20    12     0     0    15     0     0     4     2     0     0     0     4    86    68     1     5    17     0     0     0     0     0     0     0     0
    30 |      0     0     0     4     0     0     0     0     0     0     0     0     0     0     0     0     0     0     1     0     0     0     0     2     1     0     0     0     0     0     0     0     0     0     0     0
    31 |      0     6     0   102     0     0     0     0     0     0    19    18     0     0    15     0     0     1     5     0     0     1     3   122    31     0     2     7     0     0     0     0     0     0     0     0
    32 |      0     0     0     9     0     0     0     0     0     0     0     0     0     0     0     0     0     0     0     0     0     0     0    10     2     0     0     0     0     0     0     0     0     0     0     0
    33 |      0     0     0     2     0     0     0     0     0     0     1     0     0     0     0     0     0     0     0     0     0     0     0     2     0     0     0     0     0     0     0     0     0     0     0     0
    34 |      0     0     0    84     0     0    50     0     0     0     5     1     0     0     6     0     0     0     0     0     0     0     0     0     0     0     3     0     0     0     0     0     0     0     0     0
    35 |      0     0     0     2     0     0     0     0     0     0     3     0     0     0     0     0     0     0     0     0     0     0     0     8     1     0     0     1     0     0     0     0     0     0     0     0

  Per-class correct predictions (diagonal):
    Class   0:        0 /    2,232  (  0.00%)
    Class   1:        0 /    3,952  (  0.00%)
    Class   2:        0 /       14  (  0.00%)
    Class   3:    2,366 /    4,434  ( 53.36%)
    Class   4:        0 /       23  (  0.00%)
    Class   5:        0 /       21  (  0.00%)
    Class   6:      195 /    1,154  ( 16.90%)
    Class   7:        0 /      115  (  0.00%)
    Class   8:   18,343 /   29,053  ( 63.14%)
    Class   9:      857 /    1,821  ( 47.06%)
    Class  10:    6,235 /   16,502  ( 37.78%)
    Class  11:      763 /   16,292  (  4.68%)
    Class  12:    5,905 /   16,404  ( 36.00%)
    Class  13:        0 /       96  (  0.00%)
    Class  14:   12,041 /   14,481  ( 83.15%)
    Class  15:   16,534 /   18,147  ( 91.11%)
    Class  16:   10,709 /   21,858  ( 48.99%)
    Class  17:      882 /    1,167  ( 75.58%)
    Class  18:        8 /      728  (  1.10%)
    Class  19:        0 /       52  (  0.00%)
    Class  20:        0 /      291  (  0.00%)
    Class  21:        2 /    8,155  (  0.02%)
    Class  22:      283 /   10,774  (  2.63%)
    Class  23:    3,441 /   13,380  ( 25.72%)
    Class  24:      127 /    1,246  ( 10.19%)
    Class  25:      561 /    3,983  ( 14.08%)
    Class  26:      315 /    3,047  ( 10.34%)
    Class  27:      585 /    3,592  ( 16.29%)
    Class  28:        0 /      541  (  0.00%)
    Class  29:        0 /      396  (  0.00%)
    Class  30:        0 /        8  (  0.00%)
    Class  31:        0 /      332  (  0.00%)
    Class  32:        0 /       21  (  0.00%)
    Class  33:        0 /        5  (  0.00%)
    Class  34:        0 /      149  (  0.00%)
    Class  35:        0 /       15  (  0.00%)

── CLASSIFICATION REPORT ──────────────────────────────────────────────────
              precision    recall  f1-score   support

           0       0.00      0.00      0.00      2232
           1       0.00      0.00      0.00      3952
           2       0.00      0.00      0.00        14
           3       0.59      0.53      0.56      4434
           4       0.00      0.00      0.00        23
           5       0.00      0.00      0.00        21
           6       0.22      0.17      0.19      1154
           7       0.00      0.00      0.00       115
           8       0.99      0.63      0.77     29053
           9       0.88      0.47      0.61      1821
          10       0.62      0.38      0.47     16502
          11       0.25      0.05      0.08     16292
          12       0.44      0.36      0.40     16404
          13       0.00      0.00      0.00        96
          14       0.50      0.83      0.63     14481
          15       0.23      0.91      0.36     18147
          16       0.42      0.49      0.45     21858
          17       0.81      0.76      0.78      1167
          18       0.01      0.01      0.01       728
          19       0.00      0.00      0.00        52
          20       0.00      0.00      0.00       291
          21       0.01      0.00      0.00      8155
          22       0.21      0.03      0.05     10774
          23       0.39      0.26      0.31     13380
          24       0.11      0.10      0.10      1246
          25       0.51      0.14      0.22      3983
          26       0.14      0.10      0.12      3047
          27       0.36      0.16      0.23      3592
          28       0.00      0.00      0.00       541
          29       0.00      0.00      0.00       396
          30       0.00      0.00      0.00         8
          31       0.00      0.00      0.00       332
          32       0.00      0.00      0.00        21
          33       0.00      0.00      0.00         5
          34       0.00      0.00      0.00       149
          35       0.00      0.00      0.00        15

    accuracy                           0.41    194481
   macro avg       0.21      0.18      0.18    194481
weighted avg       0.45      0.41      0.39    194481

